012345678900123456789001234567890012345678900123456789001234567890012345678900123456789001234567890
012345678900123456789001234567890012345678900123456789001234567890012345678900123456789001234567890
012345678900123456789001234567890012345678900123456789001234567890012345678900123456789001234567890
012345678900123456789001234567890012345678900123456789001234567890012345678900123456789001234567890
012345678900123456789001234567890012345678900123456789001234567890012345678900123456789001234567890
012345678900123456789001234567890012345678900123456789001234567890012345678900123456789001234567890
012345678900123456789001234567890012345678900123456789001234567890012345678900123456789001234567890
012345678900123456789001234567890012345678900123456789001234567890012345678900123456789001234567890
012345678900123456789001234567890012345678900123456789001234567890012345678900123456789001234567890
012345678900123456789001234567890012345678900123456789001234567890012345678900123456789001234567890
01234567890123